14  20
042 171 087 228 138 234 093 085 261 148 080 134 029 133 075 021 182 184 129 128 
073 115 213 209 157 198 222 161 167 183 052 229 125 023 020 205 235 082 177 181 
061 106 005 007 201 135 039 220 258 102 022 246 139 154 233 049 002 256 071 204 
126 271 226 142 094 114 165 227 279 175 230 103 000 004 006 147 037 194 016 010 
236 268 058 100 121 070 141 199 136 260 196 099 110 072 012 047 145 265 060 108 
163 056 185 030 112 117 124 079 018 274 035 009 278 081 066 116 214 150 270 119 
098 068 212 172 033 122 152 180 059 055 208 120 153 225 159 076 077 065 143 221 
027 215 202 203 253 155 187 040 244 264 054 137 186 019 105 063 251 239 207 266 
053 140 091 252 170 269 132 188 280 173 101 218 223 262 014 057 088 032 017 241 
169 090 272 247 044 064 162 025 158 034 003 096 250 254 144 078 083 267 248 151 
050 113 217 210 038 127 174 243 242 275 238 001 168 276 084 277 008 231 156 015 
249 255 013 026 031 257 011 051 131 046 178 024 190 095 069 062 111 067 048 123 
149 089 219 109 195 237 043 104 097 200 092 086 263 197 224 211 176 189 036 192 
245 259 164 206 232 179 074 166 130 273 107 146 193 028 216 240 191 041 118 045 